46 55 736
50 2
14 2
54 2
18 0
7 3
24 1
27 1
29 1
8 3
50 0
52 2
34 3
40 1
54 0
7 1
42 3
6 0
24 2
52 3
21 1
23 1
31 3
19 0
29 1
21 1
49 3
23 2
8 1
15 2
41 3
12 2
23 0
30 3
2 1
4 3
36 1
37 2
47 0
5 1
41 3
54 2
23 0
25 1
44 0
19 1
22 3
53 2
48 3
45 1
31 0
9 1
53 0
3 0
40 0
6 0
4 3
34 1
32 2
39 2
42 0
17 1
4 3
39 0
21 0
43 2
19 2
42 3
19 1
32 1
31 2
54 3
27 2
38 3
37 3
11 2
51 3
5 2
48 2
30 3
50 0
20 2
3 2
38 0
24 0
54 3
53 3
40 0
41 1
12 2
44 1
5 2
52 3
6 1
20 2
43 0
47 1
4 1
8 2
25 1
24 0
39 0
14 1
51 2
26 1
10 2
48 1
3 3
29 1
50 1
40 2
23 1
8 0
50 3
32 1
15 2
40 0
6 0
53 3
36 0
17 0
17 3
4 2
10 3
35 0
44 2
9 3
43 3
5 3
6 2
4 0
14 1
24 1
48 3
35 1
34 2
42 0
46 3
8 3
30 3
26 2
24 1
34 3
18 2
24 0
49 0
6 2
47 3
10 0
40 3
36 2
24 0
49 3
2 2
16 0
26 3
4 3
29 3
49 0
14 1
6 0
30 3
18 0
26 3
41 3
54 0
43 2
50 0
5 2
46 2
43 0
15 0
16 3
46 2
7 0
29 1
16 2
38 1
3 1
2 2
4 2
15 2
34 2
35 1
28 1
30 2
15 1
54 0
40 2
38 3
44 2
19 1
38 1
3 3
39 3
29 0
54 2
29 0
28 0
17 1
39 0
21 2
33 0
43 1
21 0
8 1
15 0
53 2
37 3
32 2
21 1
17 2
16 2
9 2
25 1
49 0
14 1
10 1
49 0
12 0
7 3
28 2
50 1
13 1
8 2
29 2
46 1
39 1
9 1
8 3
36 3
9 0
32 0
52 1
40 2
45 0
53 2
22 2
22 1
43 1
27 0
29 1
53 2
49 3
34 0
14 0
46 1
53 1
36 1
44 3
7 0
27 1
19 2
29 2
50 1
50 3
10 3
9 3
11 2
4 2
25 1
23 0
17 2
45 2
23 2
18 1
39 1
16 2
43 0
17 1
20 3
48 1
41 1
5 0
35 1
12 3
51 0
24 1
50 3
26 1
15 3
43 2
4 1
26 3
51 0
27 0
22 1
35 1
9 0
45 3
29 0
4 0
38 1
11 1
27 2
16 2
48 2
49 0
37 2
7 2
6 3
5 1
11 0
35 2
50 0
43 2
44 3
54 3
4 2
30 2
4 3
32 3
32 1
15 1
5 1
41 1
54 2
38 2
30 1
20 3
14 3
54 0
40 1
17 1
53 0
39 3
19 1
49 1
18 2
31 0
27 0
51 3
38 2
27 3
44 1
19 3
23 1
13 2
31 3
38 2
54 2
9 1
40 3
24 0
53 3
2 3
17 0
53 1
11 3
41 0
5 3
22 0
15 2
21 0
44 1
35 0
19 2
33 2
44 1
49 2
22 1
11 2
47 2
33 0
39 3
31 3
4 1
33 0
17 0
31 1
9 3
2 1
44 3
50 0
10 0
14 2
44 2
36 3
44 2
28 1
14 0
9 1
30 1
37 3
37 3
33 0
21 1
18 1
46 0
3 0
9 1
54 3
21 0
32 2
32 0
50 0
39 0
8 0
39 0
36 1
15 2
27 0
10 0
29 2
54 3
10 1
53 0
24 1
54 2
6 1
24 1
42 1
46 2
27 3
15 1
53 0
10 1
54 1
11 0
32 0
42 1
35 1
43 1
30 1
29 1
36 0
7 2
52 1
29 2
12 0
51 2
45 0
28 2
32 3
25 2
24 0
45 1
54 1
53 3
50 3
42 0
5 1
16 1
6 3
42 1
38 1
38 0
17 3
26 0
41 3
6 0
39 2
6 1
31 2
19 1
48 2
36 1
21 0
6 0
52 1
39 1
37 3
22 2
10 3
12 3
42 3
39 1
33 2
9 0
32 0
48 1
50 2
54 1
47 3
31 3
15 1
15 0
17 0
19 1
15 1
12 3
25 2
8 1
47 1
34 1
50 1
34 2
36 1
45 2
10 3
11 3
37 2
32 2
37 2
13 1
29 2
46 1
40 1
7 3
7 1
15 3
39 3
34 3
50 0
49 3
9 1
4 2
51 0
6 2
40 1
53 1
14 0
44 1
3 3
38 2
7 3
27 2
5 0
12 1
25 0
38 0
44 0
39 0
25 3
24 3
24 2
29 0
19 2
34 2
38 2
44 1
12 1
13 3
6 0
36 1
38 1
51 3
53 2
5 2
44 2
11 3
37 2
13 2
50 2
13 3
16 2
37 1
46 1
54 3
38 1
44 1
30 2
27 0
10 0
6 1
15 3
39 3
7 1
39 2
47 1
36 0
9 1
13 2
36 2
15 3
49 3
34 0
46 1
8 1
27 2
2 1
38 0
37 1
54 3
11 2
3 3
37 1
40 3
10 2
38 0
51 3
5 2
45 0
15 3
14 2
25 1
4 3
33 1
32 2
36 1
14 3
24 0
51 0
18 2
42 3
15 0
8 2
43 2
19 2
54 3
31 1
4 3
6 1
6 1
39 1
17 0
7 3
26 0
30 2
50 2
10 1
41 1
24 1
50 1
38 0
13 0
21 0
20 0
21 2
20 3
37 1
9 1
35 1
24 0
51 0
40 1
27 0
15 2
9 0
3 3
10 1
52 0
47 2
24 0
40 3
4 2
49 0
35 2
18 0
47 3
51 1
36 0
53 1
8 2
26 3
33 1
21 1
32 3
13 3
48 3
30 2
33 2
49 0
29 0
23 0
17 2
14 0
14 1
16 0
11 3
36 2
12 2
43 1
4 2
11 3
28 1
19 2
12 1
30 1
7 0
26 1
38 3
40 0
8 1
12 0
47 0
49 1
17 0
32 0
54 1
12 2
16 0
54 3
13 0
33 3
13 0
10 0
15 1
26 3
45 3
40 0
29 0
6 2
47 0
31 0
22 2
21 2
16 3
52 0
34 1
9 0
30 1
10 1
10 2
32 1
11 2
40 1
16 2
26 2
49 2
27 3
9 0
47 1
6 1
51 2
23 0
45 2
17 0
45 1
51 3
15 3
2 0
29 1
4 0
26 0
3 2
34 3
38 3
52 2
43 1
44 1
51 1
26 2
52 2
21 0
21 0
21 3
